17020154
17040071
17011221
17010945
17010614
17010857
17010295
17040080
17010066
17010704
17011228
17010013
17040095
17010641
17010925
17010475
17040131
17020300
17010588
17011379
17011138
17010722
17010513
17020388
17011380
17011227
17010411
17020024
17011216
17020183
17011435
17010650
17010892
17060013
17020314
17040082
17020226
17010674
17011040
17020376
17011297
17010495
17011111
17010898
17011269
17010319
17010331
17011114
17020188
17011039
17020003
17010815
17010291
17010425
17010862
17010201
17011253
17010781
17011378
17020412
17010085
17010158
17011005
17010333
17010391
17020229
17010600
17011438
17010520
17010127
17020340
17010341
17010091
17010357
17010413
17011304
17020222
17010670
17010750
17010287
17010669
17011283
17010424
17010231
17011416
17020347
17010829
17010107
17011299
17020190
17010310
17020174
17070014
17011150
17011331
17010865
17010894
17010961
17010033
17010015
17011440
17011124
15047026
17040076
17040013
17010884
17010765
17020099
17010315
17040114